0
1
1
2
3
3
4
5
5
5
6
6
6
7
7
8
9
9
10
11
12
13
14
15
15
15
16
17
18
19
19
20
20
21
21
22
23
24
25
26
27
28
28
29
29
30
31
32
33
34
35
36
37
38
39
39
40
41
42
42
43
44
45
46
46
47
47
48
48
49
49
50
50
51
52
52
53
53
54
54
55
56
57
58
59
59
59
60
61
62
62
63
64
65
66
67
67
68
69
70
71
71
72
72
72
73
74
74
74
75
76
76
77
78
78
78
78
79
80
80
81
81
82
82
82
83
84
85
85
86
87
88
89
89
89
90
91
92
93
93
94
95
95
96
97
98
98
99
99
100
101
101
102
102
103
103
104
104
105
106
107
108
108
109
110
110
111
112
113
114
115
116
116
116
116
116
117
118
119
119
120
121
121
122
123
123
124
125
125
126
127
127
128
129
130
130
131
132
132
133
133
134
135
136
136
137
137
137
138
139
140
141
142
142
143
143
144
144
145
145
146
147
148
149
149
150
151
152
152
153
153
154
154
155
156
156
157
158
159
160
160
160
161
161
162
163
164
164
165
165
166
166
166
167
168
168
169
170
170
171
171
172
173
174
175
175
176
176
176
177
178
179
179
180
180
181
181
182
183
184
184
185
186
187
188
189
190
190
190
191
191
192
192
193
193
193
194
195
196
197
198
199
199
200
201
201
201
202
203
204
205
205
206
207
208
209
209
210
211
211
212
213
214
214
215
215
216
217
218
219
220
221
221
222
223
224
225
225
226
226
227
227
227
228
229
